HC01_VC69	HC03_VC69	HC01_VC138	HC03_VC138	HC01_VC114	HC03_VC95	HC03_VC96	HC01_VC120	HC03_VC120	HC01_VC128	HC01_VC05	HC03_VC05	HC01_VC107	HC03_VC107	Turnout16	HC01_VC23	MLE	FLE
624	6.5	216	4	46592	78.3	13.7	22120	89.6	88100	2515	20.9	27	0.3	70.87	43.6	73.5	80.2
3128	4.5	2291	6.3	58120	85.5	25.3	141978	87.1	134000	9646	13	383	0.6	68.09	40.8	75.0	79.4
180	6.5	106	5.5	34688	74.6	9.8	8482	89.1	53700	1083	24.4	40	1.2	60.10	39.3	70.0	76.3
4796	5.8	2975	6.6	54595	83.9	20	165749	87.1	130300	10861	12.7	700	0.9	68.50	40.5	73.0	79.1
357	6.3	199	6.5	42198	77.5	19.1	13815	93.1	65200	1892	24.8	69	1.2	64.84	41	70.0	76.3
469	5.7	270	5	46048	79.6	13.2	19325	89	76600	2180	21	12	0.1	69.35	40.4	70.6	76.6
4393	6.1	3636	10.4	69564	92.4	39.6	140796	81.2	273000	27286	28.8	663	1	71.06	43.6	79.2	83.5
3829	4.3	2887	6	62369	88.2	23	163866	83.4	160900	7341	9.4	230	0.3	68.01	35.6	75.0	79.7
421	6.6	320	10.5	60211	83.9	17	13539	91.6	98500	1203	16.5	71	1.2	70.70	45.8	72.7	77.8
11672	6.2	4122	5.4	72836	90.2	41.1	310033	82.5	252700	27247	15.3	897	0.6	64.34	36.8	74.7	80.6
842	3.9	619	4.6	45710	78.2	16	48386	87.1	90400	3660	15.2	133	0.7	68.23	39.1	71.6	77.6
533	4.2	505	6.7	47801	79.6	14.4	29852	93.3	89300	2329	16	78	0.6	68.22	41.3	70.1	77.7
1193	6.4	476	4.5	43957	76.6	11.5	41236	90.3	79100	3107	14.6	38	0.2	63.99	41.5	71.0	76.6
726	6.4	278	4	42715	79.5	15	29699	88.2	87200	4106	23.6	39	0.3	65.55	43.1	70.9	78.7
1476	9.7	466	5.3	41706	83.6	15.3	34180	90.9	85800	4864	24.7	112	0.8	69.01	42.2	68.4	76.5
1342	5.1	558	3.6	46508	80.9	17.1	58762	87.9	84700	3875	12.8	208	0.8	67.49	41.2	70.1	76.0
404	3.5	255	3.2	39028	72.8	9.6	27687	89.6	65800	2447	18	24	0.2	58.88	37.5	70.0	75.3
2996	4.3	2299	6.1	67534	89.9	26.4	122899	83.7	169700	4707	8.2	227	0.4	63.27	36	75.6	80.1
794	7.4	273	5.4	61970	80.3	18.6	22718	86.6	119300	1541	14.5	28	0.3	70.27	42.3	74.7	79.5
337	3.8	360	7.7	41081	82.1	17.4	21760	94.7	96300	2784	23.9	15	0.2	71.77	44.8	70.4	77.4
2979	5.1	841	2.5	54352	84.7	22.4	119731	87.5	126100	7339	12.4	381	0.7	66.64	38.5	70.5	77.2
1528	6.4	1380	11.4	55878	86	26.1	52929	87.8	165400	9712	28.5	59	0.2	74.92	47.9	72.9	78.9
11428	5.1	7221	6.4	65027	86.9	32.9	407750	85.6	160900	19085	9.5	1468	0.8	69.52	37.9	75.4	79.8
1451	5	1368	8.5	48520	82.5	23.5	57567	83.1	109700	4313	13.9	362	1.4	70.05	39.1	73.6	78.6
652	8.4	93	2.1	44012	79.9	11.1	18065	89.8	75500	1739	19.3	37	0.5	68.39	40.1	70.0	77.2
8144	6.1	4425	7.7	53771	88.5	22.6	248122	83.3	162100	71435	36.9	634	0.5	65.50	43.8	73.8	80.1
1121	9.2	427	7.3	41730	78.4	14.5	23539	87.5	112100	1626	14.9	15	0.2	64.35	37.9	70.9	76.4
1253	4.7	590	4	55871	85.9	20.6	57518	92.4	120600	3937	14	119	0.5	70.29	41.8	73.1	78.7
1429	4.2	1046	5.6	57593	84.2	23.3	73564	88.9	157700	3856	11.3	54	0.2	71.68	41.5	73.6	79.4
1356	4.8	1045	7.1	46469	79.4	14.2	55253	83.7	86500	5145	16.8	174	0.7	68.03	40.8	70.7	77.2
248	4.2	76	1.9	38722	77.6	10.5	16257	90.3	68100	1283	16.7	87	1.4	67.46	40.8	68.2	76.9
6757	5	2772	4.2	68496	89.2	29.9	234735	85.6	143900	11117	9.4	1058	1	69.96	38.8	74.8	79.7
122	4.3	43	3.7	50011	80.8	18.6	8479	87.2	120800	1487	27.2	6	0.2	64.61	52.4	68.2	75.5
490	4	61	0.8	39133	79.9	16.3	28820	90.9	73400	2705	18.3	107	0.9	56.78	40.2	70.4	75.8
578	5.9	203	3.6	39134	74.5	8.4	24337	88.9	63300	2215	18.5	33	0.3	74.51	39.4	73.5	80.2
748	4.6	165	2	49431	78.1	16.3	33446	89.5	100600	3476	19.3	95	0.7	72.26	41.3	72.3	78.5
1977	6.6	1248	8.2	52310	83.7	23.5	63274	84.8	151100	8272	21.1	325	1.1	67.81	44.9	73.6	79.6
1997	5.8	1029	5.1	44078	84.3	20	80006	90	91200	8812	20.9	141	0.4	66.81	39.1	69.3	75.7
2722	5.2	1192	5	56316	84.2	23.6	95444	80	124900	6463	12.4	587	1.3	71.93	35.8	73.3	79.9
8125	4.3	3611	4.1	65597	90.6	37.5	307758	77.4	151500	19953	11.9	1179	0.8	67.35	32.9	74.7	80.0
486	5.8	296	6.6	48834	78.1	16.6	18396	92.4	93300	2170	23.4	52	0.7	73.32	41.2	74.6	79.9
6048	4.6	4837	7	55773	83.6	22.8	244322	84	124900	13170	10.6	880	0.8	68.81	38.2	73.0	78.3
2353	5.6	925	3.5	48551	82.7	19	90163	85.1	108900	6085	13	335	0.8	64.75	35.8	72.9	78.1
451	4	206	3.5	44706	79.8	12.4	24143	87.5	74500	2424	17.3	105	0.9	69.52	43.7	70.4	76.4
468	4	398	5.6	40588	79.3	12.5	29658	90.9	68100	3167	20.8	32	0.3	67.04	41.5	69.9	76.3
5254	4.5	2785	4.6	69509	88.5	29.5	207094	85.4	166700	7340	7.4	711	0.8	69.00	38.2	75.0	80.0
